<animation id="mixamorig_Hips-anim" name="mixamorig_Hips"><source id="mixamorig_Hips-Matrix-animation-input"><float_array id="mixamorig_Hips-Matrix-animation-input-array" count="66">

0.000000 0.033333 0.066667 0.100000 0.133333 0.166667 0.200000 0.233333 0.266667 0.300000 0.333333 0.366667 0.400000 0.433333 0.466667 0.500000
0.533333 0.566667 0.600000 0.633333 0.666667 0.700000 0.733333 0.766667 0.800000 0.833333 0.866667 0.900000 0.933333 0.966667 1.000000 1.033333
1.066667 1.100000 1.133333 1.166667 1.200000 1.233333 1.266667 1.300000 1.333333 1.366667 1.400000 1.433333 1.466667 1.500000 1.533333 1.566667
1.600000 1.633333 1.666667 1.700000 1.733333 1.766667 1.800000 1.833333 1.866667 1.900000 1.933333 1.966667 2.000000 2.033333 2.066667 2.100000
2.133333 2.166667</float_array><technique_common><accessor source="#mixamorig_Hips-Matrix-animation-input-array" count="66"><param name="TIME" type="float"/></accessor></technique_common></source><source id="mixamorig_Hips-Matrix-animation-output-transform"><float_array id="mixamorig_Hips-Matrix-animation-output-transform-array" count="1056">

0.742411 -0.020651 -0.669626 -0.373768 0.008544 0.999735 -0.021358 94.435532 0.669890 0.010135 0.742391 0.319216 0.000000 0.000000 0.000000 1.000000
0.751090 -0.016252 -0.660000 -0.147823 0.010640 0.999865 -0.012513 94.052574 0.660114 0.002376 0.751161 0.896037 0.000000 0.000000 0.000000 1.000000
0.756294 -0.011753 -0.654126 0.088420 0.014318 0.999896 -0.001412 93.582504 0.654075 -0.008298 0.756384 1.409077 0.000000 0.000000 0.000000 1.000000
0.755458 -0.008755 -0.655138 0.325318 0.019590 0.999766 0.009229 93.042068 0.654904 -0.019806 0.755453 1.879908 0.000000 0.000000 0.000000 1.000000
0.748623 -0.006366 -0.662966 0.566930 0.025784 0.999477 0.019517 92.480995 0.662495 -0.031705 0.748395 2.382849 0.000000 0.000000 0.000000 1.000000
0.738475 -0.005170 -0.674261 0.828519 0.034150 0.998974 0.029742 91.909584 0.673415 -0.044989 0.737894 3.020199 0.000000 0.000000 0.000000 1.000000
0.726325 -0.007418 -0.687311 1.253699 0.045256 0.998288 0.037050 91.235405 0.685860 -0.058016 0.725418 3.992987 0.000000 0.000000 0.000000 1.000000
0.710733 -0.013705 -0.703328 1.869611 0.057204 0.997625 0.038367 90.454277 0.701132 -0.067502 0.709829 5.301905 0.000000 0.000000 0.000000 1.000000
0.691228 -0.023706 -0.722248 2.674085 0.068418 0.997119 0.032752 89.676834 0.719390 -0.072054 0.690859 6.916950 0.000000 0.000000 0.000000 1.000000
0.669753 -0.036914 -0.741666 3.647692 0.077280 0.996805 0.020175 89.055519 0.738552 -0.070828 0.670466 8.805276 0.000000 0.000000 0.000000 1.000000
0.648783 -0.051082 -0.759257 4.753453 0.079989 0.996795 0.001287 88.601418 0.756758 -0.061567 0.650789 11.000472 0.000000 0.000000 0.000000 1.000000
0.634513 -0.061534 -0.770459 5.925842 0.072143 0.997189 -0.020228 88.160873 0.769538 -0.042748 0.637169 13.614416 0.000000 0.000000 0.000000 1.000000
0.642124 -0.063611 -0.763957 7.052366 0.053119 0.997848 -0.038438 87.712593 0.764759 -0.015898 0.644121 16.811871 0.000000 0.000000 0.000000 1.000000
0.688577 -0.056598 -0.722951 8.136980 0.028305 0.998288 -0.051194 87.329651 0.724610 0.014788 0.689000 20.851166 0.000000 0.000000 0.000000 1.000000
0.773248 -0.044651 -0.632530 9.190940 0.008916 0.998185 -0.059563 86.986885 0.634042 0.040417 0.772242 25.514767 0.000000 0.000000 0.000000 1.000000
0.874590 -0.034531 -0.483632 10.188704 0.006464 0.998203 -0.059581 86.802933 0.484821 0.048983 0.873241 30.237833 0.000000 0.000000 0.000000 1.000000
0.959211 -0.037589 -0.280182 11.057229 0.026532 0.998716 -0.043155 86.563972 0.281445 0.033961 0.958976 34.316986 0.000000 0.000000 0.000000 1.000000
0.996662 -0.057918 -0.057531 11.881007 0.057452 0.998301 -0.009720 86.256317 0.057996 0.006382 0.998296 37.324226 0.000000 0.000000 0.000000 1.000000
0.988478 -0.084567 0.125540 12.799763 0.081573 0.996251 0.028809 86.223495 -0.127506 -0.018236 0.991670 39.256226 0.000000 0.000000 0.000000 1.000000
0.965219 -0.111224 0.236605 13.631178 0.099854 0.993219 0.059547 86.603493 -0.241624 -0.033849 0.969779 40.527927 0.000000 0.000000 0.000000 1.000000
0.942374 -0.141165 0.303322 13.980218 0.123278 0.989347 0.077434 87.169228 -0.311021 -0.035579 0.949737 41.762371 0.000000 0.000000 0.000000 1.000000
0.912708 -0.164835 0.373889 13.718953 0.143891 0.986067 0.083467 87.498672 -0.382438 -0.022382 0.923710 43.349998 0.000000 0.000000 0.000000 1.000000
0.876867 -0.168556 0.450214 13.119405 0.147406 0.985677 0.081929 87.477219 -0.457575 -0.005477 0.889154 45.020119 0.000000 0.000000 0.000000 1.000000
0.853555 -0.156404 0.496973 12.528336 0.137871 0.987679 0.074040 87.375648 -0.502429 0.005321 0.864602 46.180309 0.000000 0.000000 0.000000 1.000000
0.857342 -0.136915 0.496204 12.159820 0.124973 0.990500 0.057376 87.512802 -0.499346 0.012821 0.866308 46.673347 0.000000 0.000000 0.000000 1.000000
0.882615 -0.111553 0.456669 12.031857 0.108445 0.993551 0.033106 87.939713 -0.457417 0.020304 0.889021 46.638309 0.000000 0.000000 0.000000 1.000000
0.916883 -0.080826 0.390887 11.999109 0.084869 0.996368 0.006952 88.509521 -0.390029 0.026800 0.920413 46.206524 0.000000 0.000000 0.000000 1.000000
0.952617 -0.048022 0.300357 11.938024 0.054859 0.998391 -0.014365 89.067032 -0.299184 0.030161 0.953719 45.448895 0.000000 0.000000 0.000000 1.000000
0.982820 -0.015007 0.183954 11.867374 0.020187 0.999450 -0.026318 89.500031 -0.183458 0.029580 0.982582 44.400192 0.000000 0.000000 0.000000 1.000000
0.998617 0.016217 0.050021 11.828685 -0.014838 0.999503 -0.027805 89.645149 -0.050447 0.027024 0.998361 43.076195 0.000000 0.000000 0.000000 1.000000
0.995619 0.039295 -0.084848 11.837448 -0.041114 0.998958 -0.019791 89.470840 0.083982 0.023193 0.996197 41.627953 0.000000 0.000000 0.000000 1.000000
0.976836 0.050529 -0.207940 11.852188 -0.052440 0.998617 -0.003685 89.103905 0.207466 0.014505 0.978135 40.193851 0.000000 0.000000 0.000000 1.000000
0.947944 0.053950 -0.313834 11.751365 -0.050872 0.998543 0.017995 88.704536 0.314348 -0.001093 0.949307 38.757347 0.000000 0.000000 0.000000 1.000000
0.916372 0.054557 -0.396592 11.341612 -0.042210 0.998316 0.039803 88.320435 0.398096 -0.019735 0.917132 37.148247 0.000000 0.000000 0.000000 1.000000
0.890038 0.052107 -0.452898 10.474885 -0.029960 0.997984 0.055943 87.930756 0.454900 -0.036222 0.889805 35.155701 0.000000 0.000000 0.000000 1.000000
0.871403 0.045081 -0.488492 9.205604 -0.015283 0.997780 0.064819 87.584206 0.490330 -0.049018 0.870157 32.678707 0.000000 0.000000 0.000000 1.000000
0.859155 0.033860 -0.510594 7.799784 0.001348 0.997655 0.068428 87.372330 0.511714 -0.059478 0.857095 29.797491 0.000000 0.000000 0.000000 1.000000
0.854907 0.019574 -0.518412 6.570703 0.018950 0.997443 0.068911 87.385574 0.518435 -0.068736 0.852350 26.784481 0.000000 0.000000 0.000000 1.000000
0.860736 0.005504 -0.509023 5.676527 0.033144 0.997214 0.066828 87.764633 0.507972 -0.074392 0.858155 24.025715 0.000000 0.000000 0.000000 1.000000
0.871080 -0.003444 -0.491129 5.088908 0.038927 0.997314 0.062049 88.721954 0.489596 -0.073168 0.868874 21.721315 0.000000 0.000000 0.000000 1.000000
0.875890 -0.003720 -0.482496 4.766998 0.034040 0.997955 0.054099 90.357712 0.481308 -0.063809 0.874226 19.779627 0.000000 0.000000 0.000000 1.000000
0.869688 0.002412 -0.493596 4.659562 0.020632 0.998936 0.041234 92.537003 0.493171 -0.046045 0.868713 18.031153 0.000000 0.000000 0.000000 1.000000
0.852211 0.010317 -0.523097 4.760685 0.002378 0.999719 0.023591 94.706039 0.523193 -0.021349 0.851947 16.550251 0.000000 0.000000 0.000000 1.000000
0.824680 0.016637 -0.565355 4.974142 -0.017146 0.999843 0.004413 96.313477 0.565340 0.006054 0.824836 15.335627 0.000000 0.000000 0.000000 1.000000
0.789384 0.018877 -0.613609 5.165961 -0.033704 0.999352 -0.012615 97.034035 0.612974 0.030639 0.789509 14.342348 0.000000 0.000000 0.000000 1.000000
0.754213 0.018284 -0.656375 5.303864 -0.045493 0.998665 -0.024455 97.083321 0.655052 0.048304 0.754038 13.567046 0.000000 0.000000 0.000000 1.000000
0.732744 0.017154 -0.680288 5.358109 -0.049655 0.998365 -0.028310 96.709351 0.678691 0.054524 0.732398 12.837975 0.000000 0.000000 0.000000 1.000000
0.731625 0.016578 -0.681506 5.206612 -0.044929 0.998703 -0.023939 95.990273 0.680226 0.048134 0.731421 11.760963 0.000000 0.000000 0.000000 1.000000
0.742463 0.013392 -0.669753 4.680528 -0.032348 0.999351 -0.015877 95.033722 0.669106 0.033453 0.742414 10.125279 0.000000 0.000000 0.000000 1.000000
0.752218 0.009116 -0.658851 3.790730 -0.018932 0.999790 -0.007782 94.020706 0.658642 0.018327 0.752233 8.173243 0.000000 0.000000 0.000000 1.000000
0.755904 0.007450 -0.654640 2.767894 -0.010357 0.999946 -0.000580 93.243187 0.654600 0.007219 0.755941 6.202859 0.000000 0.000000 0.000000 1.000000
0.756395 0.009272 -0.654050 1.882364 -0.008991 0.999952 0.003777 92.840378 0.654054 0.003024 0.756442 4.245373 0.000000 0.000000 0.000000 1.000000
0.756645 0.012283 -0.653710 1.237857 -0.013616 0.999903 0.003027 92.805901 0.653684 0.006610 0.756739 2.315068 0.000000 0.000000 0.000000 1.000000
0.756982 0.011338 -0.653338 0.733689 -0.016541 0.999862 -0.001813 93.084885 0.653227 0.012179 0.757064 0.560079 0.000000 0.000000 0.000000 1.000000
0.757593 0.003640 -0.652718 0.208047 -0.010652 0.999920 -0.006788 93.583115 0.652641 0.012096 0.757571 -0.920113 0.000000 0.000000 0.000000 1.000000
0.760111 -0.006069 -0.649765 -0.330773 0.000228 0.999959 -0.009073 94.223198 0.649794 0.006748 0.760081 -2.093169 0.000000 0.000000 0.000000 1.000000
0.765845 -0.013534 -0.642882 -0.762980 0.009143 0.999907 -0.010158 94.905182 0.642960 0.001901 0.765898 -2.930903 0.000000 0.000000 0.000000 1.000000
0.773211 -0.020075 -0.633831 -1.043885 0.015221 0.999798 -0.013098 95.492256 0.633966 0.000480 0.773361 -3.415750 0.000000 0.000000 0.000000 1.000000
0.778441 -0.026887 -0.627142 -1.205999 0.019832 0.999637 -0.018241 95.891754 0.627405 0.001762 0.778691 -3.557923 0.000000 0.000000 0.000000 1.000000
0.778920 -0.031957 -0.626309 -1.265924 0.022042 0.999479 -0.023586 96.093857 0.626736 0.004567 0.779218 -3.373779 0.000000 0.000000 0.000000 1.000000
0.774562 -0.033177 -0.631627 -1.214472 0.020708 0.999418 -0.027102 96.084099 0.632159 0.007912 0.774798 -2.885941 0.000000 0.000000 0.000000 1.000000
0.766148 -0.030698 -0.641931 -1.087918 0.016861 0.999475 -0.027673 95.885864 0.642443 0.010378 0.766263 -2.256002 0.000000 0.000000 0.000000 1.000000
0.755344 -0.025887 -0.654816 -0.915457 0.012428 0.999606 -0.025182 95.528603 0.655210 0.010883 0.755368 -1.583275 0.000000 0.000000 0.000000 1.000000
0.746358 -0.021005 -0.665213 -0.731390 0.009153 0.999731 -0.021298 95.135178 0.665481 0.009808 0.746350 -0.940767 0.000000 0.000000 0.000000 1.000000
0.742839 -0.018380 -0.669218 -0.545420 0.007343 0.999787 -0.019308 94.772789 0.669430 0.009429 0.742815 -0.309656 0.000000 0.000000 0.000000 1.000000
0.742412 -0.020650 -0.669626 -0.373766 0.008544 0.999735 -0.021358 94.435555 0.669890 0.010135 0.742392 0.319216 0.000000 0.000000 0.000000 1.000000</float_array><technique_common><accessor source="#mixamorig_Hips-Matrix-animation-output-transform-array" count="66" stride="16"><param type="float4x4"/></accessor></technique_common></source><source id="mixamorig_Hips-Interpolations"><Name_array id="mixamorig_Hips-Interpolations-array" count="66">
 LINEAR LINEAR LINEAR LINEAR LINEAR LINEAR LINEAR LINEAR LINEAR LINEAR LINEAR
LINEAR LINEAR LINEAR LINEAR LINEAR LINEAR LINEAR LINEAR LINEAR LINEAR LINEAR LINEAR
LINEAR LINEAR LINEAR LINEAR LINEAR LINEAR LINEAR LINEAR LINEAR LINEAR LINEAR LINEAR
LINEAR LINEAR LINEAR LINEAR LINEAR LINEAR LINEAR LINEAR LINEAR LINEAR LINEAR LINEAR
LINEAR LINEAR LINEAR LINEAR LINEAR LINEAR LINEAR LINEAR LINEAR LINEAR LINEAR LINEAR
LINEAR LINEAR LINEAR LINEAR LINEAR LINEAR LINEAR</Name_array><technique_common><accessor source="#mixamorig_Hips-Interpolations-array" count="66"><param type="name"/></accessor></technique_common></source><sampler id="mixamorig_Hips-Matrix-animation-transform"><input semantic="INPUT" source="#mixamorig_Hips-Matrix-animation-input"/><input semantic="OUTPUT" source="#mixamorig_Hips-Matrix-animation-output-transform"/><input semantic="INTERPOLATION" source="#mixamorig_Hips-Interpolations"/></sampler><channel source="#mixamorig_Hips-Matrix-animation-transform" target="mixamorig_Hips/matrix"/></animation>
    <animation id="mixamorig_Spine-anim" name="mixamorig_Spine"><source id="mixamorig_Spine-Matrix-animation-input"><float_array id="mixamorig_Spine-Matrix-animation-input-array" count="66">

0.000000 0.033333 0.066667 0.100000 0.133333 0.166667 0.200000 0.233333 0.266667 0.300000 0.333333 0.366667 0.400000 0.433333 0.466667 0.500000
0.533333 0.566667 0.600000 0.633333 0.666667 0.700000 0.733333 0.766667 0.800000 0.833333 0.866667 0.900000 0.933333 0.966667 1.000000 1.033333
1.066667 1.100000 1.133333 1.166667 1.200000 1.233333 1.266667 1.300000 1.333333 1.366667 1.400000 1.433333 1.466667 1.500000 1.533333 1.566667
1.600000 1.633333 1.666667 1.700000 1.733333 1.766667 1.800000 1.833333 1.866667 1.900000 1.933333 1.966667 2.000000 2.033333 2.066667 2.100000
2.133333 2.166667</float_array><technique_common><accessor source="#mixamorig_Spine-Matrix-animation-input-array" count="66"><param name="TIME" type="float"/></accessor></technique_common></source><source id="mixamorig_Spine-Matrix-animation-output-transform"><float_array id="mixamorig_Spine-Matrix-animation-output-transform-array" count="1056">

0.996946 0.015616 0.076513 -0.000000 -0.001757 0.984039 -0.177946 9.470535 -0.078071 0.177268 0.981061 -0.068100 0.000000 0.000000 0.000000 1.000000
0.997316 0.009983 0.072534 0.000000 0.003882 0.982058 -0.188541 9.470535 -0.073115 0.188317 0.979383 -0.068100 0.000000 0.000000 0.000000 1.000000
0.997710 0.000814 0.067639 0.000000 0.012849 0.979442 -0.201315 9.470535 -0.066413 0.201723 0.977188 -0.068100 0.000000 0.000000 0.000000 1.000000
0.997986 -0.007493 0.062984 0.000000 0.020941 0.976243 -0.215664 9.470535 -0.059872 0.216549 0.974434 -0.068100 0.000000 0.000000 0.000000 1.000000
0.998127 -0.010069 0.060345 0.000000 0.023836 0.972422 -0.232007 9.470535 -0.056345 0.233011 0.970841 -0.068100 0.000000 0.000000 0.000000 1.000000
0.998388 -0.009189 0.056005 0.000000 0.023023 0.967536 -0.251684 9.470535 -0.051874 0.252568 0.966188 -0.068100 0.000000 0.000000 0.000000 1.000000
0.998777 -0.006794 0.048973 0.000000 0.019786 0.962664 -0.269974 9.470535 -0.045310 0.270612 0.961621 -0.068100 0.000000 0.000000 0.000000 1.000000
0.999149 -0.006080 0.040795 0.000000 0.017416 0.958766 -0.283663 9.470535 -0.037389 0.284132 0.958056 -0.068100 0.000000 0.000000 0.000000 1.000000
0.999539 -0.006344 0.029698 0.000000 0.014829 0.955376 -0.295019 9.470535 -0.026501 0.295323 0.955030 -0.068100 0.000000 0.000000 0.000000 1.000000
0.999918 -0.004065 0.012150 0.000000 0.007585 0.952081 -0.305753 9.470535 -0.010325 0.305820 0.952033 -0.068100 0.000000 0.000000 0.000000 1.000000
0.999941 0.002034 -0.010627 0.000000 -0.005252 0.949917 -0.312458 9.470535 0.009459 0.312496 0.949872 -0.068100 0.000000 0.000000 0.000000 1.000000
0.999308 0.009903 -0.035867 0.000000 -0.020537 0.950598 -0.309743 9.470535 0.031028 0.310265 0.950144 -0.068100 0.000000 0.000000 0.000000 1.000000
0.997917 0.011202 -0.063529 0.000000 -0.029427 0.955425 -0.293765 9.470535 0.057406 0.295022 0.953764 -0.068100 0.000000 0.000000 0.000000 1.000000
0.996312 -0.006554 -0.085552 0.000000 -0.016317 0.964413 -0.263896 9.470535 0.084237 0.264319 0.960750 -0.068100 0.000000 0.000000 0.000000 1.000000
0.995651 -0.040182 -0.084047 0.000000 0.020222 0.973903 -0.226061 9.470535 0.090937 0.223378 0.970481 -0.068100 0.000000 0.000000 0.000000 1.000000
0.996305 -0.066924 -0.053830 -0.000000 0.055347 0.979549 -0.193441 9.470535 0.065675 0.189747 0.979634 -0.068100 0.000000 0.000000 0.000000 1.000000
0.997817 -0.065313 -0.009775 -0.000000 0.062509 0.981808 -0.179291 9.470535 0.021307 0.178289 0.983747 -0.068100 0.000000 0.000000 0.000000 1.000000
0.997731 -0.054551 0.039467 0.000000 0.061120 0.979686 -0.190998 9.470535 -0.028246 0.192977 0.980797 -0.068100 0.000000 0.000000 0.000000 1.000000
0.992780 -0.072327 0.095691 0.000000 0.091478 0.972547 -0.213973 9.470535 -0.077588 0.221182 0.972141 -0.068100 0.000000 0.000000 0.000000 1.000000
0.981375 -0.109251 0.158009 -0.000000 0.144136 0.962532 -0.229690 9.470535 -0.126995 0.248187 0.960352 -0.068100 0.000000 0.000000 0.000000 1.000000
0.967569 -0.124706 0.219680 -0.000000 0.176501 0.955896 -0.234755 9.470535 -0.180716 0.265916 0.946906 -0.068100 0.000000 0.000000 0.000000 1.000000
0.956265 -0.106274 0.272513 0.000000 0.173143 0.956565 -0.234531 9.470535 -0.235751 0.271458 0.933130 -0.068100 0.000000 0.000000 0.000000 1.000000
0.948352 -0.073392 0.308614 0.000000 0.153332 0.957724 -0.243423 9.470535 -0.277702 0.278171 0.919512 -0.068100 0.000000 0.000000 0.000000 1.000000
0.944394 -0.045801 0.325611 0.000000 0.139327 0.952700 -0.270093 9.470535 -0.297839 0.300440 0.906106 -0.068100 0.000000 0.000000 0.000000 1.000000
0.945221 -0.027718 0.325253 -0.000000 0.131223 0.944600 -0.300850 9.470535 -0.298895 0.327050 0.896493 -0.068100 0.000000 0.000000 0.000000 1.000000
0.951652 -0.017304 0.306691 0.000000 0.121358 0.938371 -0.323624 9.470535 -0.282190 0.345197 0.895102 -0.068100 0.000000 0.000000 0.000000 1.000000
0.962475 -0.009381 0.271209 0.000000 0.104777 0.934750 -0.339506 9.470535 -0.250328 0.355182 0.900656 -0.068100 0.000000 0.000000 0.000000 1.000000
0.974211 0.003389 0.225613 0.000000 0.079050 0.931390 -0.355336 9.470535 -0.211338 0.364007 0.907103 -0.068100 0.000000 0.000000 0.000000 1.000000
0.983648 0.020438 0.178941 0.000000 0.048338 0.927129 -0.371612 9.470535 -0.173496 0.374185 0.910980 -0.068100 0.000000 0.000000 0.000000 1.000000
0.989631 0.038407 0.138403 0.000000 0.017865 0.923191 -0.383926 9.470535 -0.142518 0.382418 0.912932 -0.068100 0.000000 0.000000 0.000000 1.000000
0.992758 0.056325 0.106111 0.000000 -0.010825 0.921625 -0.387931 9.470535 -0.119645 0.383973 0.915560 -0.068100 0.000000 0.000000 0.000000 1.000000
0.994038 0.072074 0.081816 0.000000 -0.035060 0.921802 -0.386072 9.470535 -0.103244 0.380902 0.918833 -0.068100 0.000000 0.000000 0.000000 1.000000
0.994498 0.081258 0.066115 -0.000000 -0.049889 0.922332 -0.383163 9.470535 -0.092115 0.377757 0.921311 -0.068100 0.000000 0.000000 0.000000 1.000000
0.994875 0.082912 0.057867 0.000000 -0.055034 0.924173 -0.377989 9.470535 -0.084819 0.372867 0.924000 -0.068100 0.000000 0.000000 0.000000 1.000000
0.995135 0.081990 0.054626 0.000000 -0.056426 0.928830 -0.366184 9.470535 -0.080761 0.361320 0.928938 -0.068100 0.000000 0.000000 0.000000 1.000000
0.995053 0.081639 0.056610 -0.000000 -0.056893 0.935410 -0.348957 9.470535 -0.081442 0.344010 0.935427 -0.068100 0.000000 0.000000 0.000000 1.000000
0.994925 0.078319 0.063177 0.000000 -0.053032 0.941699 -0.332251 9.470535 -0.085515 0.327215 0.941073 -0.068100 0.000000 0.000000 0.000000 1.000000
0.995602 0.066143 0.066343 0.000000 -0.041696 0.947024 -0.318445 9.470535 -0.083891 0.314278 0.945617 -0.068100 0.000000 0.000000 0.000000 1.000000
0.997290 0.044684 0.058442 0.000000 -0.024976 0.952868 -0.302354 9.470535 -0.069198 0.300075 0.951402 -0.068100 0.000000 0.000000 0.000000 1.000000
0.998739 0.023832 0.044197 0.000000 -0.010337 0.958922 -0.283483 9.470535 -0.049137 0.282669 0.957958 -0.068100 0.000000 0.000000 0.000000 1.000000
0.999295 0.013116 0.035171 0.000000 -0.003115 0.962710 -0.270519 9.470535 -0.037408 0.270218 0.962072 -0.068100 0.000000 0.000000 0.000000 1.000000
0.999302 0.013160 0.034956 0.000000 -0.003386 0.963940 -0.266097 9.470535 -0.037197 0.265793 0.963312 -0.068100 0.000000 0.000000 0.000000 1.000000
0.999072 0.015164 0.040322 0.000000 -0.004192 0.965775 -0.259348 9.470535 -0.042875 0.258938 0.964942 -0.068100 0.000000 0.000000 0.000000 1.000000
0.998646 0.017171 0.049100 0.000000 -0.004618 0.969483 -0.245114 9.470535 -0.051811 0.244555 0.968250 -0.068100 0.000000 0.000000 0.000000 1.000000
0.998026 0.020970 0.059191 0.000000 -0.007327 0.975041 -0.221902 9.470535 -0.062367 0.221031 0.973271 -0.068100 0.000000 0.000000 0.000000 1.000000
0.997596 0.021923 0.065746 0.000000 -0.008649 0.980617 -0.195745 9.470535 -0.068763 0.194705 0.978449 -0.068100 0.000000 0.000000 0.000000 1.000000
0.997732 0.019973 0.064284 0.000000 -0.008088 0.983619 -0.180081 9.470535 -0.066828 0.179152 0.981549 -0.068100 0.000000 0.000000 0.000000 1.000000
0.997991 0.026346 0.057620 -0.000000 -0.015394 0.983020 -0.182850 9.470535 -0.061459 0.181595 0.981451 -0.068100 0.000000 0.000000 0.000000 1.000000
0.997476 0.047532 0.052750 0.000000 -0.036458 0.980330 -0.193968 9.470535 -0.060932 0.191555 0.979589 -0.068100 0.000000 0.000000 0.000000 1.000000
0.996167 0.068781 0.054050 0.000000 -0.056750 0.978343 -0.199059 9.470535 -0.066571 0.195228 0.978496 -0.068100 0.000000 0.000000 0.000000 1.000000
0.995403 0.074090 0.060698 0.000000 -0.060651 0.978073 -0.199236 9.470535 -0.074128 0.194639 0.978070 -0.068100 0.000000 0.000000 0.000000 1.000000
0.995751 0.059866 0.069965 0.000000 -0.044604 0.978310 -0.202288 9.470535 -0.080557 0.198308 0.976824 -0.068100 0.000000 0.000000 0.000000 1.000000
0.996296 0.031986 0.079815 0.000000 -0.014879 0.978364 -0.206354 9.470535 -0.084689 0.204402 0.975217 -0.068100 0.000000 0.000000 0.000000 1.000000
0.996158 0.007901 0.087219 0.000000 0.010219 0.978631 -0.205369 9.470535 -0.086978 0.205471 0.974791 -0.068100 0.000000 0.000000 0.000000 1.000000
0.995937 0.003732 0.089977 0.000000 0.014515 0.979425 -0.201283 9.470535 -0.088877 0.201772 0.975392 -0.068100 0.000000 0.000000 0.000000 1.000000
0.996064 0.012459 0.087756 0.000000 0.005377 0.979754 -0.200132 9.470535 -0.088472 0.199816 0.975831 -0.068100 0.000000 0.000000 0.000000 1.000000
0.996545 0.019159 0.080819 0.000000 -0.002521 0.979562 -0.201126 9.470535 -0.083021 0.200227 0.976226 -0.068100 0.000000 0.000000 0.000000 1.000000
0.997168 0.021580 0.072040 0.000000 -0.006866 0.980069 -0.198538 9.470535 -0.074889 0.197482 0.977442 -0.068100 0.000000 0.000000 0.000000 1.000000
0.997499 0.024308 0.066375 0.000000 -0.011238 0.981602 -0.190610 9.470535 -0.069787 0.189387 0.979419 -0.068100 0.000000 0.000000 0.000000 1.000000
0.997392 0.027826 0.066599 0.000000 -0.015374 0.983428 -0.180645 9.470535 -0.070522 0.179150 0.981291 -0.068100 0.000000 0.000000 0.000000 1.000000
0.997052 0.028863 0.071091 0.000000 -0.016272 0.985015 -0.171697 9.470535 -0.074982 0.170034 0.982581 -0.068100 0.000000 0.000000 0.000000 1.000000
0.996748 0.025448 0.076457 0.000000 -0.012557 0.986284 -0.164577 9.470535 -0.079596 0.163082 0.983397 -0.068100 0.000000 0.000000 0.000000 1.000000
0.996578 0.019676 0.080287 0.000000 -0.006523 0.986947 -0.160914 9.470535 -0.082405 0.159840 0.983697 -0.068100 0.000000 0.000000 0.000000 1.000000
0.996563 0.017563 0.080954 0.000000 -0.004122 0.986569 -0.163291 9.470535 -0.082735 0.162396 0.983251 -0.068100 0.000000 0.000000 0.000000 1.000000
0.996692 0.017417 0.079388 -0.000000 -0.003713 0.985505 -0.169604 9.470535 -0.081191 0.168748 0.982310 -0.068100 0.000000 0.000000 0.000000 1.000000
0.996946 0.015615 0.076513 0.000000 -0.001756 0.984039 -0.177946 9.470535 -0.078071 0.177268 0.981061 -0.068100 0.000000 0.000000 0.000000 1.000000</float_array><technique_common><accessor source="#mixamorig_Spine-Matrix-animation-output-transform-array" count="66" stride="16"><param type="float4x4"/></accessor></technique_common></source><source id="mixamorig_Spine-Interpolations"><Name_array id="mixamorig_Spine-Interpolations-array" count="66">
 LINEAR LINEAR LINEAR LINEAR LINEAR LINEAR LINEAR LINEAR LINEAR LINEAR LINEAR
LINEAR LINEAR LINEAR LINEAR LINEAR LINEAR LINEAR LINEAR LINEAR LINEAR LINEAR LINEAR
LINEAR LINEAR LINEAR LINEAR LINEAR LINEAR LINEAR LINEAR LINEAR LINEAR LINEAR LINEAR
LINEAR LINEAR LINEAR LINEAR LINEAR LINEAR LINEAR LINEAR LINEAR LINEAR LINEAR LINEAR
LINEAR LINEAR LINEAR LINEAR LINEAR LINEAR LINEAR LINEAR LINEAR LINEAR LINEAR LINEAR
LINEAR LINEAR LINEAR LINEAR LINEAR LINEAR LINEAR</Name_array><technique_common><accessor source="#mixamorig_Spine-Interpolations-array" count="66"><param type="name"/></accessor></technique_common></source><sampler id="mixamorig_Spine-Matrix-animation-transform"><input semantic="INPUT" source="#mixamorig_Spine-Matrix-animation-input"/><input semantic="OUTPUT" source="#mixamorig_Spine-Matrix-animation-output-transform"/><input semantic="INTERPOLATION" source="#mixamorig_Spine-Interpolations"/></sampler><channel source="#mixamorig_Spine-Matrix-animation-transform" target="mixamorig_Spine/matrix"/></animation>
    <animation id="mixamorig_Spine1-anim" name="mixamorig_Spine1"><source id="mixamorig_Spine1-Matrix-animation-input"><float_array id="mixamorig_Spine1-Matrix-animation-input-array" count="66">

0.000000 0.033333 0.066667 0.100000 0.133333 0.166667 0.200000 0.233333 0.266667 0.300000 0.333333 0.366667 0.400000 0.433333 0.466667 0.500000
0.533333 0.566667 0.600000 0.633333 0.666667 0.700000 0.733333 0.766667 0.800000 0.833333 0.866667 0.900000 0.933333 0.966667 1.000000 1.033333
1.066667 1.100000 1.133333 1.166667 1.200000 1.233333 1.266667 1.300000 1.333333 1.366667 1.400000 1.433333 1.466667 1.500000 1.533333 1.566667
1.600000 1.633333 1.666667 1.700000 1.733333 1.766667 1.800000 1.833333 1.866667 1.900000 1.933333 1.966667 2.000000 2.033333 2.066667 2.100000
2.133333 2.166667</float_array><technique_common><accessor source="#mixamorig_Spine1-Matrix-animation-input-array" count="66"><param name="TIME" type="float"/></accessor></technique_common></source><source id="mixamorig_Spine1-Matrix-animation-output-transform"><float_array id="mixamorig_Spine1-Matrix-animation-output-transform-array" count="1056">

0.999947 -0.000598 0.010322 -0.000000 0.001121 0.998713 -0.050700 11.049235 -0.010278 0.050709 0.998661 -0.000000 0.000000 0.000000 0.000000 1.000000
0.999952 0.000525 0.009772 0.000000 -0.000043 0.998786 -0.049256 11.049235 -0.009786 0.049253 0.998738 -0.000000 0.000000 0.000000 0.000000 1.000000
0.999956 0.002231 0.009076 0.000000 -0.001796 0.998861 -0.047686 11.049235 -0.009172 0.047668 0.998821 -0.000000 0.000000 0.000000 0.000000 1.000000
0.999960 0.003029 0.008392 0.000000 -0.002644 0.998962 -0.045472 11.049235 -0.008521 0.045448 0.998930 -0.000000 0.000000 0.000000 0.000000 1.000000
0.999963 0.003268 0.007983 0.000000 -0.002931 0.999119 -0.041871 11.049235 -0.008112 0.041846 0.999091 -0.000000 0.000000 0.000000 0.000000 1.000000
0.999966 0.003737 0.007372 -0.000000 -0.003458 0.999290 -0.037515 11.049235 -0.007507 0.037488 0.999269 -0.000000 0.000000 0.000000 0.000000 1.000000
0.999970 0.004366 0.006433 0.000000 -0.004149 0.999437 -0.033304 11.049235 -0.006575 0.033276 0.999425 -0.000000 0.000000 0.000000 0.000000 1.000000
0.999966 0.006205 0.005399 0.000000 -0.006045 0.999555 -0.029212 11.049235 -0.005578 0.029179 0.999559 -0.000000 0.000000 0.000000 0.000000 1.000000
0.999953 0.008773 0.004018 0.000000 -0.008672 0.999660 -0.024587 11.049235 -0.004232 0.024551 0.999690 -0.000000 0.000000 0.000000 0.000000 1.000000
0.999961 0.008670 0.001688 0.000000 -0.008635 0.999770 -0.019653 11.049235 -0.001858 0.019637 0.999805 -0.000000 0.000000 0.000000 0.000000 1.000000
0.999992 0.003572 -0.001556 0.000000 -0.003596 0.999860 -0.016353 11.049235 0.001497 0.016359 0.999865 -0.000000 0.000000 0.000000 0.000000 1.000000
0.999971 -0.005414 -0.005294 0.000000 0.005325 0.999847 -0.016643 11.049235 0.005384 0.016615 0.999847 -0.000000 0.000000 0.000000 0.000000 1.000000
0.999827 -0.015967 -0.009528 0.000000 0.015771 0.999669 -0.020327 11.049235 0.009849 0.020173 0.999748 -0.000000 0.000000 0.000000 0.000000 1.000000
0.999545 -0.027131 -0.013148 0.000000 0.026806 0.999346 -0.024265 11.049235 0.013798 0.023901 0.999619 -0.000000 0.000000 0.000000 0.000000 1.000000
0.999099 -0.040224 -0.013563 0.000000 0.039892 0.998917 -0.023927 11.049235 0.014511 0.023365 0.999622 -0.000000 0.000000 0.000000 0.000000 1.000000
0.998458 -0.054612 -0.010006 -0.000000 0.054428 0.998360 -0.017760 11.049235 0.010960 0.017188 0.999792 -0.000000 0.000000 0.000000 0.000000 1.000000
0.997986 -0.063286 -0.004359 0.000000 0.063235 0.997938 -0.011044 11.049235 0.005049 0.010746 0.999930 -0.000000 0.000000 0.000000 0.000000 1.000000
0.998261 -0.058910 0.002288 -0.000000 0.058929 0.998217 -0.009503 11.049235 -0.001724 0.009621 0.999952 -0.000000 0.000000 0.000000 0.000000 1.000000
0.999019 -0.043098 0.010169 0.000000 0.043250 0.998949 -0.015172 11.049235 -0.009504 0.015597 0.999833 -0.000000 0.000000 0.000000 0.000000 1.000000
0.999408 -0.028757 0.018860 0.000000 0.029212 0.999277 -0.024340 11.049235 -0.018147 0.024877 0.999526 -0.000000 0.000000 0.000000 0.000000 1.000000
0.999313 -0.024936 0.027418 0.000000 0.025769 0.999204 -0.030456 11.049235 -0.026637 0.031142 0.999160 -0.000000 0.000000 0.000000 0.000000 1.000000
0.998913 -0.031144 0.034687 0.000000 0.032175 0.999045 -0.029572 11.049235 -0.033733 0.030656 0.998961 -0.000000 0.000000 0.000000 0.000000 1.000000
0.998295 -0.043242 0.039216 0.000000 0.044132 0.998781 -0.022107 11.049235 -0.038213 0.023800 0.998986 -0.000000 0.000000 0.000000 0.000000 1.000000
0.997672 -0.054781 0.040613 -0.000000 0.055337 0.998387 -0.012704 11.049235 -0.039851 0.014922 0.999094 -0.000000 0.000000 0.000000 0.000000 1.000000
0.997323 -0.061365 0.039775 0.000000 0.061737 0.998059 -0.008189 11.049235 -0.039195 0.010623 0.999175 -0.000000 0.000000 0.000000 0.000000 1.000000
0.997363 -0.062418 0.037033 0.000000 0.062815 0.997978 -0.009661 11.049235 -0.036355 0.011962 0.999267 -0.000000 0.000000 0.000000 0.000000 1.000000
0.997606 -0.061119 0.032360 0.000000 0.061599 0.998002 -0.014035 11.049235 -0.031438 0.015995 0.999378 -0.000000 0.000000 0.000000 0.000000 1.000000
0.997813 -0.060628 0.026342 0.000000 0.061096 0.997981 -0.017350 11.049235 -0.025236 0.018921 0.999502 -0.000000 0.000000 0.000000 0.000000 1.000000
0.997954 -0.060687 0.020147 0.000000 0.061045 0.997979 -0.017655 11.049235 -0.019035 0.018848 0.999641 -0.000000 0.000000 0.000000 0.000000 1.000000
0.998113 -0.059575 0.014876 0.000000 0.059803 0.998092 -0.015343 11.049235 -0.013933 0.016204 0.999772 -0.000000 0.000000 0.000000 0.000000 1.000000
0.998361 -0.056170 0.011001 -0.000000 0.056306 0.998335 -0.012540 11.049235 -0.010278 0.013139 0.999861 -0.000000 0.000000 0.000000 0.000000 1.000000
0.998681 -0.050645 0.008445 -0.000000 0.050726 0.998665 -0.009711 11.049235 -0.007942 0.010127 0.999917 -0.000000 0.000000 0.000000 0.000000 1.000000
0.999005 -0.044046 0.007035 0.000000 0.044092 0.999006 -0.006513 11.049235 -0.006741 0.006817 0.999954 -0.000000 0.000000 0.000000 0.000000 1.000000
0.999245 -0.038324 0.006419 -0.000000 0.038353 0.999254 -0.004452 11.049235 -0.006244 0.004695 0.999969 -0.000000 0.000000 0.000000 0.000000 1.000000
0.999371 -0.034903 0.006263 0.000000 0.034940 0.999372 -0.005851 11.049235 -0.006055 0.006066 0.999963 -0.000000 0.000000 0.000000 0.000000 1.000000
0.999461 -0.032134 0.006779 0.000000 0.032210 0.999417 -0.011320 11.049235 -0.006411 0.011532 0.999913 -0.000000 0.000000 0.000000 0.000000 1.000000
0.999611 -0.026708 0.007990 0.000000 0.026857 0.999456 -0.019139 11.049235 -0.007474 0.019347 0.999785 -0.000000 0.000000 0.000000 0.000000 1.000000
0.999813 -0.017207 0.008772 -0.000000 0.017437 0.999488 -0.026841 11.049235 -0.008305 0.026989 0.999601 -0.000000 0.000000 0.000000 0.000000 1.000000
0.999945 -0.006829 0.007948 0.000000 0.007094 0.999402 -0.033836 11.049235 -0.007712 0.033891 0.999396 -0.000000 0.000000 0.000000 0.000000 1.000000
0.999980 -0.001664 0.006051 0.000000 0.001901 0.999219 -0.039473 11.049235 -0.005980 0.039483 0.999202 -0.000000 0.000000 0.000000 0.000000 1.000000
0.999980 -0.004377 0.004609 0.000000 0.004567 0.999102 -0.042114 11.049235 -0.004421 0.042134 0.999102 -0.000000 0.000000 0.000000 0.000000 1.000000
0.999920 -0.011906 0.004230 0.000000 0.012072 0.999059 -0.041653 11.049235 -0.003730 0.041701 0.999123 -0.000000 0.000000 0.000000 0.000000 1.000000
0.999818 -0.018485 0.004691 0.000000 0.018663 0.998978 -0.041177 11.049235 -0.003925 0.041257 0.999141 -0.000000 0.000000 0.000000 0.000000 1.000000
0.999712 -0.023276 0.005799 0.000000 0.023496 0.998872 -0.041274 11.049235 -0.004831 0.041398 0.999131 -0.000000 0.000000 0.000000 0.000000 1.000000
0.999602 -0.027251 0.007244 0.000000 0.027533 0.998730 -0.042190 11.049235 -0.006085 0.042373 0.999083 -0.000000 0.000000 0.000000 0.000000 1.000000
0.999549 -0.028887 0.008262 0.000000 0.029213 0.998674 -0.042398 11.049235 -0.007026 0.042620 0.999067 -0.000000 0.000000 0.000000 0.000000 1.000000
0.999589 -0.027499 0.008144 0.000000 0.027795 0.998860 -0.038805 11.049235 -0.007068 0.039016 0.999214 -0.000000 0.000000 0.000000 0.000000 1.000000
0.999602 -0.027282 0.007186 0.000000 0.027496 0.999123 -0.031578 11.049235 -0.006319 0.031763 0.999475 -0.000000 0.000000 0.000000 0.000000 1.000000
0.999533 -0.029846 0.006509 -0.000000 0.030012 0.999184 -0.027040 11.049235 -0.005697 0.027222 0.999613 -0.000000 0.000000 0.000000 0.000000 1.000000
0.999518 -0.030290 0.006831 -0.000000 0.030478 0.999107 -0.029272 11.049235 -0.005938 0.029466 0.999548 -0.000000 0.000000 0.000000 0.000000 1.000000
0.999659 -0.024875 0.007929 0.000000 0.025127 0.999123 -0.033482 11.049235 -0.007090 0.033670 0.999408 -0.000000 0.000000 0.000000 0.000000 1.000000
0.999848 -0.014755 0.009337 -0.000000 0.015072 0.999276 -0.034936 11.049235 -0.008815 0.035071 0.999346 -0.000000 0.000000 0.000000 0.000000 1.000000
0.999938 -0.002906 0.010741 0.000000 0.003293 0.999339 -0.036208 11.049235 -0.010629 0.036242 0.999287 -0.000000 0.000000 0.000000 0.000000 1.000000
0.999909 0.006655 0.011766 0.000000 -0.006172 0.999157 -0.040588 11.049235 -0.012026 0.040511 0.999107 -0.000000 0.000000 0.000000 0.000000 1.000000
0.999866 0.010924 0.012171 0.000000 -0.010355 0.998893 -0.045883 11.049235 -0.012658 0.045750 0.998873 -0.000000 0.000000 0.000000 0.000000 1.000000
0.999860 0.011760 0.011903 -0.000000 -0.011168 0.998757 -0.048580 11.049235 -0.012460 0.048441 0.998748 -0.000000 0.000000 0.000000 0.000000 1.000000
0.999868 0.011983 0.010973 0.000000 -0.011431 0.998727 -0.049124 11.049235 -0.011548 0.048992 0.998732 -0.000000 0.000000 0.000000 0.000000 1.000000
0.999886 0.011521 0.009756 0.000000 -0.011021 0.998697 -0.049820 11.049235 -0.010317 0.049707 0.998711 -0.000000 0.000000 0.000000 0.000000 1.000000
0.999915 0.009482 0.008951 -0.000000 -0.009011 0.998645 -0.051244 11.049235 -0.009425 0.051159 0.998646 -0.000000 0.000000 0.000000 0.000000 1.000000
0.999939 0.006405 0.008956 0.000000 -0.005926 0.998600 -0.052561 11.049235 -0.009280 0.052504 0.998578 -0.000000 0.000000 0.000000 0.000000 1.000000
0.999947 0.003916 0.009554 0.000000 -0.003401 0.998568 -0.053385 11.049235 -0.009749 0.053350 0.998528 -0.000000 0.000000 0.000000 0.000000 1.000000
0.999942 0.003140 0.010288 -0.000000 -0.002579 0.998534 -0.054065 11.049235 -0.010443 0.054035 0.998484 -0.000000 0.000000 0.000000 0.000000 1.000000
0.999937 0.003061 0.010823 -0.000000 -0.002468 0.998514 -0.054446 11.049235 -0.010974 0.054416 0.998458 -0.000000 0.000000 0.000000 0.000000 1.000000
0.999940 0.001281 0.010924 0.000000 -0.000693 0.998561 -0.053618 11.049235 -0.010977 0.053608 0.998502 -0.000000 0.000000 0.000000 0.000000 1.000000
0.999943 -0.000404 0.010706 -0.000000 0.000962 0.998639 -0.052151 11.049235 -0.010670 0.052159 0.998582 -0.000000 0.000000 0.000000 0.000000 1.000000
0.999947 -0.000598 0.010322 0.000000 0.001121 0.998713 -0.050700 11.049235 -0.010279 0.050709 0.998661 -0.000000 0.000000 0.000000 0.000000 1.000000</float_array><technique_common><accessor source="#mixamorig_Spine1-Matrix-animation-output-transform-array" count="66" stride="16"><param type="float4x4"/></accessor></technique_common></source><source id="mixamorig_Spine1-Interpolations"><Name_array id="mixamorig_Spine1-Interpolations-array" count="66">
 LINEAR LINEAR LINEAR LINEAR LINEAR LINEAR LINEAR LINEAR LINEAR LINEAR LINEAR
LINEAR LINEAR LINEAR LINEAR LINEAR LINEAR LINEAR LINEAR LINEAR LINEAR LINEAR LINEAR
LINEAR LINEAR LINEAR LINEAR LINEAR LINEAR LINEAR LINEAR LINEAR LINEAR LINEAR LINEAR
LINEAR LINEAR LINEAR LINEAR LINEAR LINEAR LINEAR LINEAR LINEAR LINEAR LINEAR LINEAR
LINEAR LINEAR LINEAR LINEAR LINEAR LINEAR LINEAR LINEAR LINEAR LINEAR LINEAR LINEAR
LINEAR LINEAR LINEAR LINEAR LINEAR LINEAR LINEAR</Name_array><technique_common><accessor source="#mixamorig_Spine1-Interpolations-array" count="66"><param type="name"/></accessor></technique_common></source><sampler id="mixamorig_Spine1-Matrix-animation-transform"><input semantic="INPUT" source="#mixamorig_Spine1-Matrix-animation-input"/><input semantic="OUTPUT" source="#mixamorig_Spine1-Matrix-animation-output-transform"/><input semantic="INTERPOLATION" source="#mixamorig_Spine1-Interpolations"/></sampler><channel source="#mixamorig_Spine1-Matrix-animation-transform" target="mixamorig_Spine1/matrix"/></animation>
    <animation id="mixamorig_Spine2-anim" name="mixamorig_Spine2"><source id="mixamorig_Spine2-Matrix-animation-input"><float_array id="mixamorig_Spine2-Matrix-animation-input-array" count="66">

0.000000 0.033333 0.066667 0.100000 0.133333 0.166667 0.200000 0.233333 0.266667 0.300000 0.333333 0.366667 0.400000 0.433333 0.466667 0.500000
0.533333 0.566667 0.600000 0.633333 0.666667 0.700000 0.733333 0.766667 0.800000 0.833333 0.866667 0.900000 0.933333 0.966667 1.000000 1.033333
1.066667 1.100000 1.133333 1.166667 1.200000 1.233333 1.266667 1.300000 1.333333 1.366667 1.400000 1.433333 1.466667 1.500000 1.533333 1.566667
1.600000 1.633333 1.666667 1.700000 1.733333 1.766667 1.800000 1.833333 1.866667 1.900000 1.933333 1.966667 2.000000 2.033333 2.066667 2.100000
2.133333 2.166667</float_array><technique_common><accessor source="#mixamorig_Spine2-Matrix-animation-input-array" count="66"><param name="TIME" type="float"/></accessor></technique_common></source><source id="mixamorig_Spine2-Matrix-animation-output-transform"><float_array id="mixamorig_Spine2-Matrix-animation-output-transform-array" count="1056">

0.999946 -0.000803 0.010403 -0.000000 0.001329 0.998714 -0.050684 12.627707 -0.010349 0.050695 0.998661 0.000000 0.000000 0.000000 0.000000 1.000000
0.999952 0.000352 0.009795 0.000000 0.000131 0.998786 -0.049254 12.627707 -0.009801 0.049253 0.998738 0.000000 0.000000 0.000000 0.000000 1.000000
0.999957 0.002093 0.009012 0.000000 -0.001661 0.998860 -0.047706 12.627707 -0.009101 0.047689 0.998821 0.000000 0.000000 0.000000 0.000000 1.000000
0.999962 0.002927 0.008262 0.000000 -0.002548 0.998961 -0.045502 12.627707 -0.008387 0.045480 0.998930 0.000000 0.000000 0.000000 0.000000 1.000000
0.999964 0.003206 0.007830 0.000000 -0.002876 0.999117 -0.041905 12.627707 -0.007957 0.041881 0.999091 0.000000 0.000000 0.000000 0.000000 1.000000
0.999967 0.003719 0.007201 0.000000 -0.003447 0.999289 -0.037548 12.627707 -0.007335 0.037522 0.999269 0.000000 0.000000 0.000000 0.000000 1.000000
0.999971 0.004384 0.006243 0.000000 -0.004173 0.999436 -0.033335 12.627707 -0.006386 0.033308 0.999425 0.000000 0.000000 0.000000 0.000000 1.000000
0.999967 0.006244 0.005143 -0.000000 -0.006091 0.999554 -0.029244 12.627707 -0.005324 0.029212 0.999559 0.000000 0.000000 0.000000 0.000000 1.000000
0.999954 0.008819 0.003660 0.000000 -0.008726 0.999659 -0.024618 12.627707 -0.003876 0.024585 0.999690 0.000000 0.000000 0.000000 0.000000 1.000000
0.999961 0.008695 0.001314 0.000000 -0.008667 0.999769 -0.019664 12.627707 -0.001484 0.019652 0.999806 0.000000 0.000000 0.000000 0.000000 1.000000
0.999992 0.003537 -0.001759 0.000000 -0.003565 0.999860 -0.016348 12.627707 0.001701 0.016354 0.999865 0.000000 0.000000 0.000000 0.000000 1.000000
0.999971 -0.005520 -0.005165 0.000000 0.005433 0.999846 -0.016670 12.627707 0.005257 0.016641 0.999848 0.000000 0.000000 0.000000 0.000000 1.000000
0.999829 -0.016112 -0.009027 0.000000 0.015925 0.999664 -0.020453 12.627707 0.009353 0.020305 0.999750 0.000000 0.000000 0.000000 0.000000 1.000000
